%=======================================================================
% MAT-femcCal 1.0  - MAT-femCal is a learning tool for undestanding 
%                    the Finite Element Method with MATLAB and GiD
%=======================================================================
% PROBLEM TITLE = Titulo del problema
%
%  Material Properties
%
  kx =              1.00000 ;
  ky =              1.00000 ;
 heat=              0.00000 ;
%
% Coordinates
%
global coordinates
coordinates = [
       -10.85040   ,         6.36090  ;
       -10.85040   ,         5.69410  ;
        -9.79541   ,         6.36090  ;
        -9.79541   ,         5.69410  ;
       -10.85040   ,         5.02730  ;
        -9.79541   ,         5.02730  ;
       -10.85040   ,         4.36049  ;
        -8.74042   ,         6.36090  ;
        -8.74042   ,         5.69410  ;
        -9.79541   ,         4.36049  ;
        -8.74042   ,         5.02730  ;
       -10.85040   ,         3.69369  ;
        -9.79541   ,         3.69369  ;
        -8.74042   ,         4.36049  ;
        -7.68543   ,         6.36090  ;
        -7.68543   ,         5.69410  ;
       -10.85040   ,         3.02689  ;
        -8.74042   ,         3.69369  ;
        -7.68543   ,         5.02730  ;
        -9.79541   ,         3.02689  ;
        -7.68543   ,         4.36049  ;
        -8.74042   ,         3.02689  ;
        -7.68543   ,         3.69369  ;
        -6.63044   ,         6.36090  ;
        -6.63044   ,         5.69410  ;
        -6.63044   ,         5.02730  ;
        -7.68543   ,         3.02689  ;
        -6.63044   ,         4.36049  ;
        -6.63044   ,         3.69369  ;
        -5.57545   ,         6.36090  ;
        -5.57545   ,         5.69410  ;
        -6.63044   ,         3.02689  ;
        -5.57545   ,         5.02730  ;
        -5.57545   ,         4.36049  ;
        -5.57545   ,         3.69369  ;
        -5.57545   ,         3.02689  ] ; 
%
% Elements
%
global elements
elements = [
     24   ,     25   ,     31   ,     30   ; 
     15   ,     16   ,     25   ,     24   ; 
      8   ,      9   ,     16   ,     15   ; 
      3   ,      4   ,      9   ,      8   ; 
      1   ,      2   ,      4   ,      3   ; 
     25   ,     26   ,     33   ,     31   ; 
     16   ,     19   ,     26   ,     25   ; 
      9   ,     11   ,     19   ,     16   ; 
      4   ,      6   ,     11   ,      9   ; 
      2   ,      5   ,      6   ,      4   ; 
     26   ,     28   ,     34   ,     33   ; 
     19   ,     21   ,     28   ,     26   ; 
     11   ,     14   ,     21   ,     19   ; 
      6   ,     10   ,     14   ,     11   ; 
      5   ,      7   ,     10   ,      6   ; 
     28   ,     29   ,     35   ,     34   ; 
     21   ,     23   ,     29   ,     28   ; 
     14   ,     18   ,     23   ,     21   ; 
     10   ,     13   ,     18   ,     14   ; 
      7   ,     12   ,     13   ,     10   ; 
     29   ,     32   ,     36   ,     35   ; 
     23   ,     27   ,     32   ,     29   ; 
     18   ,     22   ,     27   ,     23   ; 
     13   ,     20   ,     22   ,     18   ; 
     12   ,     17   ,     20   ,     13   ] ; 
%
% Fixed Nodes
%
fixnodes = [
      1  ,    10.00000  ;
     17  ,    10.00000  ;
     30  ,    10.00000  ;
     36  ,    10.00000  ] ;
%
% Punctual Fluxes
%
pointload = [ ] ;
%
% Side loads
%
sideload = [
     31  ,     30  ,    0.00000   ;
      1  ,      2  ,    0.00000   ;
     33  ,     31  ,    0.00000   ;
      2  ,      5  ,    0.00000   ;
     34  ,     33  ,    0.00000   ;
      5  ,      7  ,    0.00000   ;
     35  ,     34  ,    0.00000   ;
      7  ,     12  ,    0.00000   ;
     36  ,     35  ,    0.00000   ;
     12  ,     17  ,    0.00000  ];

