%=======================================================================
% MAT-femcCal 1.0  - MAT-femCal is a learning tool for undestanding 
%                    the Finite Element Method with MATLAB and GiD
%=======================================================================
% PROBLEM TITLE = Titulo del problema
%
%  Material Properties
%
  kx =             63.00000 ;
  ky =             63.00000 ;
 heat=              0.00000 ;
%
% Coordinates
%
global coordinates
coordinates = [
         0.00000   ,         0.00000  ;
         3.00000   ,         0.00000  ;
         0.00000   ,         3.03030  ;
         3.51794   ,         3.75772  ;
         6.00000   ,         0.00000  ;
         0.00000   ,         6.06061  ;
         2.71251   ,         6.89861  ;
         7.20212   ,         3.49422  ;
         5.71095   ,         6.82032  ;
         9.00000   ,         0.00000  ;
         0.00000   ,         9.09091  ;
         4.28113   ,         9.45521  ;
        10.29227   ,         3.50240  ;
         8.70185   ,         6.76762  ;
         7.27772   ,         9.36855  ;
        12.00000   ,         0.00000  ;
         0.00000   ,        12.12121  ;
         2.82668   ,        12.07783  ;
         5.82509   ,        12.02240  ;
        11.69820   ,         6.68816  ;
        13.15148   ,         4.06440  ;
        10.27652   ,         9.31808  ;
         8.82315   ,        11.93895  ;
        15.00000   ,         0.00000  ;
         0.00000   ,        15.15152  ;
         4.37391   ,        14.64775  ;
        14.69514   ,         6.63602  ;
        13.23395   ,         9.25314  ;
         7.39869   ,        14.57565  ;
        16.11994   ,         3.99631  ;
        11.81026   ,        11.89274  ;
         2.94243   ,        17.28104  ;
        10.39404   ,        14.48007  ;
        18.00000   ,         0.00000  ;
         0.00000   ,        18.18182  ;
        16.26385   ,         9.18710  ;
         5.60291   ,        17.95123  ;
        17.69263   ,         6.55066  ;
        14.80530   ,        11.80759  ;
         8.93642   ,        17.14428  ;
        19.10226   ,         3.90340  ;
        13.39261   ,        14.43707  ;
         2.72797   ,        20.35754  ;
        11.93391   ,        17.05340  ;
        21.00000   ,         0.00000  ;
         7.51899   ,        19.78800  ;
         0.00000   ,        21.21212  ;
        19.26781   ,         9.08832  ;
        17.80119   ,        11.76216  ;
        20.68762   ,         6.44931  ;
        16.33121   ,        14.37303  ;
         5.38469   ,        21.54653  ;
        10.51719   ,        19.69269  ;
        14.91560   ,        17.01650  ;
        22.50000   ,         2.59808  ;
         2.72051   ,        23.35739  ;
        13.51072   ,        19.58431  ;
        20.79786   ,        11.66848  ;
        24.00000   ,         0.00000  ;
        22.26733   ,         9.05435  ;
        19.37494   ,        14.30743  ;
         0.00000   ,        24.24242  ;
         8.42544   ,        22.96129  ;
        17.90874   ,        16.92318  ;
        11.32535   ,        22.20132  ;
        24.37482   ,         6.05991  ;
         5.31229   ,        24.86377  ;
        16.50893   ,        19.55203  ;
        25.50000   ,         2.59808  ;
        22.30941   ,        14.23817  ;
        23.79302   ,        11.63607  ;
         2.71963   ,        26.35514  ;
        24.92595   ,         9.17353  ;
        15.04262   ,        22.16182  ;
        20.90312   ,        16.88746  ;
         7.66082   ,        25.85326  ;
        27.00000   ,         0.00000  ;
        10.52633   ,        25.09071  ;
         0.00000   ,        27.27273  ;
        27.00000   ,         5.19615  ;
        19.42051   ,        19.48928  ;
        27.18224   ,         7.84115  ;
        13.63770   ,        24.80646  ;
         5.27621   ,        27.85455  ;
        18.01647   ,        22.13822  ;
        23.89885   ,        16.78180  ;
        26.79267   ,        11.61731  ;
        25.61216   ,        14.33834  ;
         2.82703   ,        29.31703  ;
         9.83901   ,        27.86525  ;
        22.48513   ,        19.42509  ;
        16.62812   ,        24.67787  ;
        30.00000   ,         0.00000  ;
        12.18101   ,        27.42148  ;
        30.00000   ,         3.00000  ;
         0.00000   ,        30.30303  ;
        21.00678   ,        22.03329  ;
        30.00000   ,         6.00000  ;
         7.57471   ,        29.72571  ;
         4.76212   ,        30.66045  ;
        15.15423   ,        27.38725  ;
        30.00000   ,         9.00000  ;
        19.62557   ,        24.66087  ;
        27.16665   ,        16.70595  ;
        10.46732   ,        30.45940  ;
        30.00000   ,        12.00000  ;
         2.24708   ,        32.25437  ;
        23.99886   ,        22.01292  ;
        26.36333   ,        19.40235  ;
        18.14906   ,        27.26084  ;
        13.77681   ,        29.93039  ;
         7.42148   ,        32.18101  ;
         0.00000   ,        33.33333  ;
        22.49679   ,        24.60073  ;
        30.00000   ,        15.00000  ;
         4.80646   ,        33.63770  ;
        16.76844   ,        29.91298  ;
        21.10875   ,        27.25705  ;
        12.54784   ,        32.31514  ;
        26.99380   ,        21.89067  ;
        30.00000   ,        18.00000  ;
         9.93039   ,        33.77681  ;
         2.65804   ,        35.13449  ;
        25.59433   ,        24.54135  ;
        19.75384   ,        29.74770  ;
         7.38725   ,        35.15423  ;
        15.31264   ,        32.49775  ;
        24.09474   ,        27.13632  ;
         0.00000   ,        36.36364  ;
        30.00000   ,        21.00000  ;
         4.67787   ,        36.62812  ;
        18.27542   ,        32.34827  ;
        22.74022   ,        29.76085  ;
        12.49775   ,        35.31264  ;
         2.13822   ,        38.01647  ;
         9.91298   ,        36.76844  ;
        27.08316   ,        27.14251  ;
        30.00000   ,        24.00000  ;
        21.24101   ,        32.34328  ;
         7.26084   ,        38.14906  ;
        17.37706   ,        34.80489  ;
        25.54886   ,        29.70700  ;
         0.00000   ,        39.39394  ;
        14.99335   ,        36.87819  ;
         4.66087   ,        39.62557  ;
        19.86624   ,        34.85107  ;
        12.34827   ,        38.27542  ;
        30.00000   ,        27.00000  ;
        24.18470   ,        32.37428  ;
         9.74770   ,        39.75384  ;
         2.03329   ,        41.00678  ;
        22.85714   ,        34.80385  ;
        18.43767   ,        37.44915  ;
         7.25705   ,        41.10875  ;
        27.34758   ,        32.43191  ;
         0.00000   ,        42.42424  ;
        30.00000   ,        30.00000  ;
        14.85107   ,        39.86624  ;
         4.60073   ,        42.49679  ;
        12.34328   ,        41.24101  ;
        21.42857   ,        37.40192  ;
        25.84804   ,        34.85107  ;
         9.76085   ,        42.74022  ;
         2.01292   ,        43.99886  ;
        29.93243   ,        32.85528  ;
        24.28571   ,        37.40192  ;
        33.00000   ,        30.00000  ;
         7.13632   ,        44.09474  ;
        20.00000   ,        40.00000  ;
        17.40192   ,        41.42857  ;
        28.57143   ,        34.80385  ;
        14.80385   ,        42.85714  ;
         0.00000   ,        45.45455  ;
         4.61106   ,        45.49481  ;
        32.36369   ,        32.39172  ;
        12.37428   ,        44.18470  ;
        22.85714   ,        40.00000  ;
        27.14286   ,        37.40192  ;
         9.70700   ,        45.54886  ;
        36.00000   ,        30.00000  ;
         2.52892   ,        46.83196  ;
        31.56233   ,        34.85107  ;
