%=======================================================================
% MAT-fem 1.0  - MAT-fem is a learning tool for undestanding 
%                the Finite Element Method with MATLAB and GiD
%=======================================================================
% PROBLEM TITLE = Titulo del problema
%
%  Material Properties
%
  young =        2100000.00000 ;
  poiss =              0.20000 ;
  denss = 0.00 ;
  pstrs =  1 ;
  thick =              0.50000 ;
%
% Coordinates
%
global coordinates
coordinates = [
         0.00000   ,         0.00000  ;
         0.00000   ,         0.71429  ;
         0.71429   ,         0.00000  ;
         0.77685   ,         0.98756  ;
         0.00000   ,         1.42857  ;
         1.42857   ,         0.00000  ;
         1.52195   ,         0.67899  ;
         0.90806   ,         1.72452  ;
         1.51682   ,         1.37897  ;
         0.00000   ,         2.14286  ;
         2.14286   ,         0.00000  ;
         2.12559   ,         1.03342  ;
         1.51170   ,         2.07895  ;
         0.90294   ,         2.42450  ;
         2.12046   ,         1.73340  ;
         2.73487   ,         0.68769  ;
         0.00000   ,         2.85714  ;
         2.85714   ,         0.00000  ;
         2.72947   ,         1.38767  ;
         1.50658   ,         2.77893  ;
         2.11534   ,         2.43338  ;
         0.89781   ,         3.12449  ;
         2.72410   ,         2.08782  ;
         3.37626   ,         0.98529  ;
         0.00000   ,         3.57143  ;
         3.57143   ,         0.00000  ;
         3.33298   ,         1.74232  ;
         2.11022   ,         3.13336  ;
         1.50145   ,         3.47891  ;
         2.71898   ,         2.78781  ;
         0.89269   ,         3.82447  ;
         3.94698   ,         0.69706  ;
         3.32774   ,         2.44225  ;
         3.94186   ,         1.39702  ;
         0.00000   ,         4.28571  ;
         4.28571   ,         0.00000  ;
         2.10509   ,         3.83334  ;
         2.71386   ,         3.48779  ;
         1.49633   ,         4.17889  ;
         3.93642   ,         2.09698  ;
         3.32262   ,         3.14223  ;
         0.88757   ,         4.52445  ;
         4.50532   ,         0.99312  ;
         3.93138   ,         2.79668  ;
         4.54510   ,         1.75142  ;
         2.70873   ,         4.18777  ;
         2.09997   ,         4.53332  ;
         0.00000   ,         5.00000  ;
         5.00000   ,         0.00000  ;
         3.31750   ,         3.84221  ;
         1.49121   ,         4.87888  ;
         4.54015   ,         2.45113  ;
         5.15811   ,         0.70673  ;
         3.92626   ,         3.49666  ;
         0.88244   ,         5.22443  ;
         5.15414   ,         1.40649  ;
         4.53502   ,         3.15111  ;
         5.14809   ,         2.10640  ;
         2.70361   ,         4.88775  ;
         3.31237   ,         4.54220  ;
         2.09485   ,         5.23330  ;
         0.00000   ,         5.71429  ;
         5.71429   ,         0.00000  ;
         3.92114   ,         4.19664  ;
         1.48608   ,         5.57886  ;
         5.75320   ,         1.00066  ;
         5.14313   ,         2.80638  ;
         4.52947   ,         3.85205  ;
         0.87732   ,         5.92441  ;
         5.75678   ,         1.76071  ;
         3.30725   ,         5.24218  ;
         2.69849   ,         5.58773  ;
         5.13816   ,         3.50636  ;
         5.75181   ,         2.46069  ;
         3.91601   ,         4.89662  ;
         2.08972   ,         5.93328  ;
         6.37042   ,         0.71503  ;
         4.52451   ,         4.55203  ;
         0.00000   ,         6.42857  ;
         6.42857   ,         0.00000  ;
         1.48096   ,         6.27884  ;
         6.36545   ,         1.41502  ;
         5.74685   ,         3.16067  ;
         5.13319   ,         4.20634  ;
         0.87220   ,         6.62439  ;
         6.36050   ,         2.11500  ;
         3.30120   ,         5.94191  ;
         3.90980   ,         5.59655  ;
         2.69336   ,         6.28771  ;
         5.74188   ,         3.86065  ;
         4.51899   ,         5.25183  ;
         6.35553   ,         2.81498  ;
         2.08460   ,         6.63327  ;
         7.00143   ,         1.00776  ;
         5.12822   ,         4.90633  ;
         1.47584   ,         6.97882  ;
         0.00000   ,         7.14286  ;
         7.14286   ,         0.00000  ;
         6.96918   ,         1.76930  ;
         6.35056   ,         3.51497  ;
         5.73691   ,         4.56064  ;
         0.86707   ,         7.32437  ;
         6.96422   ,         2.46930  ;
         3.90577   ,         6.29659  ;
         3.29700   ,         6.64214  ;
         4.51295   ,         5.95180  ;
         2.68824   ,         6.98769  ;
         5.12068   ,         5.60453  ;
         7.58283   ,         0.72362  ;
         6.34560   ,         4.21495  ;
         2.07948   ,         7.33325  ;
         6.95937   ,         3.16924  ;
         7.57787   ,         1.42360  ;
         5.73194   ,         5.26062  ;
         1.47071   ,         7.67880  ;
         0.00000   ,         7.85714  ;
         7.85714   ,         0.00000  ;
         7.57295   ,         2.12365  ;
         6.95435   ,         3.86922  ;
         3.90064   ,         6.99657  ;
         6.34063   ,         4.91493  ;
         4.50941   ,         6.65101  ;
         3.29188   ,         7.34212  ;
         0.86195   ,         8.02435  ;
         7.56808   ,         2.82363  ;
         5.11739   ,         6.30447  ;
         2.68312   ,         7.68767  ;
         8.19376   ,         0.86993  ;
         5.72694   ,         5.95990  ;
         2.07435   ,         8.03323  ;
         6.94932   ,         4.56924  ;
         7.56305   ,         3.52357  ;
         8.18159   ,         1.77789  ;
         6.33570   ,         5.61435  ;
         1.46559   ,         8.37878  ;
         8.17671   ,         2.47784  ;
         0.00000   ,         8.57143  ;
         8.57143   ,         0.00000  ;
         4.50428   ,         7.35099  ;
         3.89552   ,         7.69655  ;
         7.55805   ,         4.22355  ;
         5.11305   ,         7.00544  ;
         3.28676   ,         8.04210  ;
         6.94435   ,         5.26922  ;
         0.85683   ,         8.72434  ;
         8.17166   ,         3.17782  ;
         5.72181   ,         6.65988  ;
         2.67799   ,         8.38766  ;
         8.79523   ,         0.73222  ;
         8.79027   ,         1.43220  ;
         6.33058   ,         6.31433  ;
         2.06923   ,         8.73321  ;
         7.55291   ,         4.92347  ;
         8.78528   ,         2.13218  ;
         8.16659   ,         3.87780  ;
         6.93934   ,         5.96878  ;
         1.46047   ,         9.07876  ;
         4.49916   ,         8.05098  ;
         8.78038   ,         2.83221  ;
         5.10792   ,         7.70542  ;
         3.89040   ,         8.39653  ;
         0.00000   ,         9.28571  ;
         9.28571   ,         0.00000  ;
         5.71669   ,         7.35987  ;
         3.28163   ,         8.74208  ;
         8.16153   ,         4.57779  ;
         7.54809   ,         5.62343  ;
         6.32545   ,         7.01431  ;
         8.77533   ,         3.53220  ;
         0.89203   ,         9.41776  ;
         9.39895   ,         1.08651  ;
         2.67287   ,         9.08764  ;
         9.39378   ,         1.78571  ;
         6.93422   ,         6.66876  ;
         2.06411   ,         9.43319  ;
         9.38918   ,         2.48660  ;
         8.15646   ,         5.27777  ;
         8.77026   ,         4.23218  ;
         5.10280   ,         8.40540  ;
         4.49404   ,         8.75096  ;
         7.54299   ,         6.32321  ;
         5.71156   ,         8.05985  ;
