%=======================================================================
% MAT-fem 1.0  - MAT-fem is a learning tool for undestanding 
%                the Finite Element Method with MATLAB and GiD
%=======================================================================
% PROBLEM TITLE = Titulo del problema
%
%  Material Properties
%
  young =        2100000.00000 ;
  poiss =              0.20000 ;
  denss = 0.00 ;
  pstrs =  1 ;
  thick =              0.10000 ;
%
% Coordinates
%
global coordinates
coordinates = [
         0.00000   ,        10.00000  ;
         0.00000   ,         8.00000  ;
         2.00000   ,        10.00000  ;
         1.77671   ,         7.16667  ;
         4.00000   ,        10.00000  ;
         3.46410   ,         8.00000  ;
         0.00000   ,         6.00000  ;
         1.73205   ,         5.00000  ;
         3.46410   ,         6.00000  ;
         6.00000   ,        10.00000  ;
         0.00000   ,         4.00000  ;
         5.32184   ,         7.16667  ;
         3.46410   ,         4.00000  ;
         6.87846   ,         8.00000  ;
         5.19615   ,         5.00000  ;
         1.77671   ,         2.83333  ;
         6.92820   ,         6.00000  ;
         0.00000   ,         2.00000  ;
         8.00000   ,        10.00000  ;
         3.46410   ,         2.00000  ;
         8.41115   ,         7.16667  ;
         5.14011   ,         2.42857  ;
         6.92820   ,         4.00000  ;
         8.66025   ,         5.00000  ;
        10.00000   ,        10.00000  ;
         0.00000   ,         0.00000  ;
        10.00000   ,         8.00000  ;
         2.00000   ,         0.00000  ;
         6.89755   ,         1.85238  ;
         4.00000   ,         0.00000  ;
        10.00000   ,         6.00000  ;
         8.41944   ,         2.83333  ;
         6.00000   ,         0.00000  ;
        10.00000   ,         4.00000  ;
         8.00000   ,         0.00000  ;
        10.00000   ,         2.00000  ;
        10.00000   ,         0.00000  ] ; 
%
% Elements
%
global elements
elements = [
     31   ,     27   ,     21   ; 
      2   ,      7   ,      4   ; 
     21   ,     27   ,     19   ; 
      4   ,      7   ,      8   ; 
      4   ,      8   ,      9   ; 
      8   ,      7   ,     11   ; 
      9   ,      8   ,     13   ; 
     13   ,      8   ,     16   ; 
      9   ,     13   ,     15   ; 
     16   ,      8   ,     11   ; 
      9   ,     15   ,     12   ; 
     12   ,     15   ,     17   ; 
      9   ,     12   ,      6   ; 
     17   ,     15   ,     23   ; 
      6   ,     12   ,     10   ; 
     23   ,     15   ,     22   ; 
     22   ,     15   ,     13   ; 
     23   ,     22   ,     29   ; 
     29   ,     22   ,     33   ; 
     23   ,     29   ,     32   ; 
     32   ,     29   ,     35   ; 
     23   ,     32   ,     24   ; 
     24   ,     32   ,     34   ; 
     34   ,     32   ,     36   ; 
     24   ,     34   ,     31   ; 
     24   ,     31   ,     21   ; 
     36   ,     32   ,     35   ; 
     23   ,     24   ,     17   ; 
     17   ,     24   ,     21   ; 
     17   ,     21   ,     14   ; 
     14   ,     21   ,     19   ; 
     17   ,     14   ,     12   ; 
     12   ,     14   ,     10   ; 
     22   ,     13   ,     20   ; 
     20   ,     13   ,     16   ; 
     22   ,     30   ,     33   ; 
     26   ,     28   ,     18   ; 
     20   ,     16   ,     28   ; 
     35   ,     37   ,     36   ; 
     10   ,      5   ,      6   ; 
     25   ,     19   ,     27   ; 
     11   ,     18   ,     16   ; 
     16   ,     18   ,     28   ; 
      9   ,      6   ,      4   ; 
      4   ,      6   ,      3   ; 
     30   ,     22   ,     20   ; 
      3   ,      1   ,      2   ; 
     28   ,     30   ,     20   ; 
      5   ,      3   ,      6   ; 
      2   ,      4   ,      3   ; 
     33   ,     35   ,     29   ; 
     19   ,     10   ,     14   ] ; 
%
% Fixed Nodes
%
fixnodes = [
      1  , 1 ,    0.00000  ;
      1  , 2 ,    0.00000  ;
      2  , 1 ,    0.00000  ;
      2  , 2 ,    0.00000  ;
      3  , 1 ,    0.00000  ;
      3  , 2 ,    0.00000  ;
      5  , 1 ,    0.00000  ;
      5  , 2 ,    0.00000  ;
      7  , 1 ,    0.00000  ;
      7  , 2 ,    0.00000  ;
     10  , 1 ,    0.00000  ;
     10  , 2 ,    0.00000  ;
     11  , 1 ,    0.00000  ;
     11  , 2 ,    0.00000  ;
     18  , 1 ,    0.00000  ;
     18  , 2 ,    0.00000  ;
     19  , 1 ,    0.00000  ;
     19  , 2 ,    0.00000  ;
     25  , 1 ,    0.00000  ;
     25  , 2 ,    0.00000  ;
     26  , 1 ,    0.00000  ;
     26  , 2 ,    0.00000  ;
     28  , 1 ,    0.00000  ;
     28  , 2 ,    0.00000  ;
     30  , 1 ,    0.00000  ;
     30  , 2 ,    0.00000  ;
     33  , 1 ,    0.00000  ;
     33  , 2 ,    0.00000  ;
     35  , 1 ,    0.00000  ;
     35  , 2 ,    0.00000  ;
     37  , 1 ,    0.00000  ;
     37  , 2 ,    0.00000  ] ;
%
% Point loads
%
pointload = [ ] ;
%
%Uniform Side loads
%
sideload = [
     31  ,     27  ,   30.00000  ,    0.00000  ;
     36  ,     34  ,   30.00000  ,    0.00000  ;
     34  ,     31  ,   30.00000  ,    0.00000  ;
     37  ,     36  ,   30.00000  ,    0.00000  ;
     27  ,     25  ,   30.00000  ,    0.00000  ];

