%=======================================================================
% MAT-fem 1.0  - MAT-fem is a learning tool for undestanding 
%                the Finite Element Method with MATLAB and GiD
%=======================================================================
% PROBLEM TITLE = Titulo del problema
%
%  Material Properties
%
  young =   210000000000.00000 ;
  poiss =              0.20000 ;
  denss =          78000.00000 ;
  pstrs =  1 ;
  thick =              0.10000 ;
%
% Coordinates
%
global coordinates
coordinates = [
        10.00000   ,         0.00000  ;
         9.16667   ,         0.83333  ;
         8.33333   ,         0.00000  ;
        10.00000   ,         1.66667  ;
         8.33333   ,         1.66667  ;
         7.50000   ,         0.83333  ;
         9.16667   ,         2.50000  ;
        10.00000   ,         3.33333  ;
         6.66667   ,         0.00000  ;
         7.50000   ,         2.50000  ;
         8.33333   ,         3.33333  ;
         6.66667   ,         1.66667  ;
         9.16667   ,         4.16667  ;
         5.83333   ,         0.83333  ;
         6.66667   ,         3.33333  ;
         7.50000   ,         4.16667  ;
         5.83333   ,         2.50000  ;
         5.00000   ,         0.00000  ;
        10.00000   ,         5.00000  ;
         8.33333   ,         5.00000  ;
         5.00000   ,         1.66667  ;
         9.16667   ,         5.83333  ;
         5.83333   ,         4.16667  ;
         4.16667   ,         0.83333  ;
         5.00000   ,         3.33333  ;
         6.66667   ,         5.00000  ;
         7.50000   ,         5.83333  ;
         4.16667   ,         2.50000  ;
        10.00000   ,         6.66667  ;
         3.33333   ,         0.00000  ;
         8.33333   ,         6.66667  ;
         3.33333   ,         1.66667  ;
         5.00000   ,         5.00000  ;
         4.16667   ,         4.16667  ;
         5.83333   ,         5.83333  ;
         6.66667   ,         6.66667  ;
         3.33333   ,         3.33333  ;
         9.16667   ,         7.50000  ;
         2.50000   ,         0.83333  ;
         7.50000   ,         7.50000  ;
         2.50000   ,         2.50000  ;
         4.16667   ,         5.83333  ;
         3.33333   ,         5.00000  ;
         5.00000   ,         6.66667  ;
        10.00000   ,         8.33333  ;
         1.66667   ,         0.00000  ;
         1.66667   ,         1.66667  ;
         8.33333   ,         8.33333  ;
         2.50000   ,         4.16667  ;
         5.83333   ,         7.50000  ;
         1.66667   ,         3.33333  ;
         6.66667   ,         8.33333  ;
         0.83333   ,         0.83333  ;
         9.16667   ,         9.16667  ;
         3.33333   ,         6.66667  ;
         0.83333   ,         2.50000  ;
         4.16667   ,         7.50000  ;
         2.50000   ,         5.83333  ;
         7.50000   ,         9.16667  ;
         1.66667   ,         5.00000  ;
         5.00000   ,         8.33333  ;
         0.00000   ,         0.00000  ;
        10.00000   ,        10.00000  ;
         5.83333   ,         9.16667  ;
         0.83333   ,         4.16667  ;
         8.33333   ,        10.00000  ;
         0.00000   ,         1.66667  ;
         6.66667   ,        10.00000  ;
         0.00000   ,         3.33333  ;
         2.50000   ,         7.50000  ;
         3.33333   ,         8.33333  ;
         1.66667   ,         6.66667  ;
         4.16667   ,         9.16667  ;
         0.83333   ,         5.83333  ;
         5.00000   ,        10.00000  ;
         0.00000   ,         5.00000  ;
         1.66667   ,         8.33333  ;
         2.50000   ,         9.16667  ;
         0.83333   ,         7.50000  ;
         3.33333   ,        10.00000  ;
         0.00000   ,         6.66667  ;
         0.83333   ,         9.16667  ;
         1.66667   ,        10.00000  ;
         0.00000   ,         8.33333  ;
         0.00000   ,        10.00000  ] ; 
%
% Elements
%
global elements
