%=======================================================================
% MAT-fem 1.0  - MAT-fem is a learning tool for undestanding 
%                the Finite Element Method with MATLAB and GiD
%=======================================================================
% PROBLEM TITLE = Titulo del problema
%
%  Material Properties
%
  young =   210000000000.00000 ;
  poiss =              0.20000 ;
  denss = 0.00 ;
  pstrs =  1 ;
  thick =              0.10000 ;
%
% Coordinates
%
global coordinates
coordinates = [
        10.00000   ,        10.00000  ;
         6.66667   ,        10.00000  ;
        10.00000   ,         6.66667  ;
         5.00000   ,         7.40192  ;
         7.40192   ,         5.00000  ;
         3.33333   ,        10.00000  ;
        10.00000   ,         3.33333  ;
         2.59808   ,         5.00000  ;
         5.00000   ,         2.59808  ;
        10.00000   ,         0.00000  ;
         0.00000   ,        10.00000  ;
         2.60140   ,         3.18811  ;
         0.00000   ,         6.66667  ;
         6.66667   ,         0.00000  ;
         0.00000   ,         3.33333  ;
         3.33333   ,         0.00000  ;
         0.00000   ,         0.00000  ] ; 
%
% Elements
%
global elements
elements = [
     17   ,     16   ,     15   ; 
      6   ,     11   ,     13   ; 
      7   ,      3   ,      5   ; 
      5   ,      3   ,      4   ; 
      7   ,      5   ,     14   ; 
      1   ,      2   ,      3   ; 
     14   ,     10   ,      7   ; 
     13   ,     15   ,      8   ; 
     13   ,      4   ,      6   ; 
      8   ,     15   ,     16   ; 
     16   ,     14   ,      9   ; 
      9   ,     14   ,      5   ; 
     16   ,      9   ,      8   ; 
      2   ,      6   ,      4   ; 
      4   ,     13   ,      8   ; 
      2   ,      4   ,      3   ; 
      9   ,      5   ,      8   ; 
      4   ,      8   ,      5   ] ; 
%
% Fixed Nodes
%
fixnodes = [
     10  , 1 ,    0.00000  ;
     10  , 2 ,    0.00000  ;
     14  , 1 ,    0.00000  ;
     14  , 2 ,    0.00000  ;
     16  , 1 ,    0.00000  ;
     16  , 2 ,    0.00000  ;
     17  , 1 ,    0.00000  ;
     17  , 2 ,    0.00000  ] ;
%
% Point loads
%
pointload = [
      1  , 1 ,   90.00000  ;
      1  , 2 ,    0.00000  ] ;
%
%Uniform Side loads
%
sideload = [
      6  ,     11  ,    0.00000  ,  -10.00000  ;
      1  ,      2  ,    0.00000  ,  -10.00000  ;
      2  ,      6  ,    0.00000  ,  -10.00000  ];

